430236713886035968 371360955
430246717552734209 501361914
430282826441695232 33048649
430366401971253248 874536942
430370780824625152 314634942
430377525395464192 221446393
430377931932585984 428349287
430381287598080000 172627700
430385917937725441 1651455739
430391232108310528 168755437
430391253159534592 18653454
430391995513581569 61595737
430392289286815745 169938084
430393195302621184 1424563417
430431602225586176 132240724
430439764592820224 222174418
430440720974225408 971621053
430444860789628928 20827160
430467770031931392 113215226
430473008499544064 2313107215
430473457445261312 54792205
430476884241969152 24970589
612779495552999425 314243234
612784286677118976 314243234
612816850678714368 43232530
612844144206200832 194615561
612847535078641664 184998424
612874824055173120 16700601
612969044174635009 14027452
612971065128697857 15458694
612972664873984000 14056708
612977284753006592 5484532
613021525701033986 49021031
613025827165376516 133570135
613041283330887686 96442308
613043051171291136 15963827
613043617662251008 14728168
613044968618389504 113036476
613060157069729792 19039844
613062565418110976 17376893
613077031912370176 33811812
613089234145148928 182503471
613095640680275969 15458694
613109582911696896 16076032
613119844116922369 43975485
613120721301024768 49224286
613124988825042944 23480020
613127153471893504 107633302
613139658470506496 16814727
613147472110731264 15485532
613162038412455937 15976697
613163336134459392 3497941
613209969135980544 96442308
613330212084826112 24305174
613353414039371776 33811812
613360943804760064 15949696
613362496498483200 25298932
613377475083538432 66891808
613393462076010496 18236427
613408885496414208 73453284
613450248967581697 44209472
613463959870550016 16583468
613471730372378624 14730894
613471893715329026 37048835
613485625870807040 107633302
613491842538024960 60919240
613503848192196608 18220818
613518043327631364 21572351
613551031180480512 18294521
613666306013982720 20958510
613679661764100097 10207502
613699986488889344 14099719
613714486298574848 33811812
613736897970450432 15446551
613756512163368960 7768692
613776386843615232 242836537
613786047693127680 6782762
613811094004498432 14056708
613818045476134912 369505837
613818596192600064 33811812
613823251568062464 33811812
613826927426674688 17376893
613841973414379520 300354212
613844868184584193 184998424
613891356386308096 65404941
613907015904047104 71807953
613941082271916032 32497478
613941992641290240 22456513
613950492138274816 131497030
613961257394135041 113052345
614032000052146177 15774353
614043898340470784 26885303
614064699022409728 16583468
614068258484977665 15441965
614072378054852608 14056708
614076394621038592 33811812
614080903271313408 28407251
614081106179133441 43963249
614081108012105728 15935028
614082896001765376 55677432
614087258082287616 339822881
614087509786505216 6742412
614089705232203776 14056708
614091425567875072 50769180
614094530921377792 16492765
614095803347509254 26051676
614098817923702784 28885875
614099497564553218 18188773
614101761280884736 20552026
614102703854104577 14415941
614107293072891905 39525554
614109153276133380 18696134
614116029002842112 22540858
614120299072589824 34434801
614139760370688002 16492765
614140858905042945 93241358
614145575370530821 14027452
614150473050947584 27783848
614170459085496320 49224286
614184769178501121 17376893
614201681648189444 15458694
380873658501062657 14728168
381072563633262592 224071381
381094479660212226 16887628
381182828253171714 41186732
381183216423800832 14730894
381188519672033280 3819931
381193797779984384 32708979
381553939038355456 33811812
382030590410625024 45641358
382155885935480832 33811812
382166718677663744 76376525
382389638050361344 18822612
382511264305405952 17387589
382551921275703296 288751432
382633403721744384 35784576
382663252569636864 78599720
382872055525306369 19786336
382898929773191168 16787084
383285331493003264 110899711
383296818920300544 35784576
383311272193703938 146516713
383412686085955584 18294521
383597055991873536 14676022
383662715472216064 16250929
383673541540851713 28885875
383682293560115200 21343653
383687643973697536 22858466
383714000745549824 28407251
383720128879153153 32497478
383752564774146048 22066415
383970406840807424 111141045
383975685192032256 18810387
383988336475389952 111141045
383993481762308096 15446551
384001380886671361 14377605
384011153011384320 124898913
384012577594175488 29501253
384054304912334848 28885875
384067383918223360 55155523
384070034319892480 41186732
384089157313626112 48566603
384108416261566464 49021031
384146663113097217 218027755
384175905645424641 22299010
384178771978231808 22299010
384180364811333632 36686069
384182591080759296 22299010
384332824444022786 16389986
384360129782505474 24278642
384462890360512512 15900384
384470509540216832 49021031
384474690627964929 71715641
384489869516341249 15406238
384498360876797952 75339427
384507156453535744 218027755
384522925199486976 218027755
384553258603143168 23888634
384554558736719872 124898913
384572954828234752 314243234
384661665284763648 215527641
384663844074700800 18188773
384674992048189441 14728168
384678528463020032 27502479
384700611431628800 7039122
384715213221535744 26287372
384724726725509120 21301933
384727441156997121 177584156
384735726157312000 248735463
384742471038939136 18978469
384743735440863232 18323740
384746913276231680 18592146
384754516077191168 19432346
384755888654802945 194615561
384757734622498816 32497478
384761404202307584 21954033
384761567067537408 21964694
384763267257597952 25975551
384764938536775680 8431652
384766617520852994 24431892
384772486606254080 14728168
384773496301051904 18294521
384784384089661441 21301933
384785650383196160 14844867
384785882022027264 18220818
384788576409378816 18810387
384789942703898625 172867574
384793532315488256 15368940
384794862446342145 15764644
384799721107116032 124898913
384800194610475008 19462341
384806990041448448 41186732
384809172832768001 73453284
384809532020756480 72198806
384811361584570368 220712406
384812085898907648 16250929
384815254967840769 169175539
384816529683931136 14027452
384818274065608704 28885875
384822101729087488 45190383
384823022202286080 215654103
384834329165062146 18019121
384838829984587776 41186732
384841343064764417 228554424
384849503549149184 21301933
384853720405516289 14027452
384858527396683779 228554424
384861827613466624 175809915
384862457568583680 49021031
384875684352376832 17387589
384879324731416576 15485532
384885716003868672 4923811
384888407077314562 73453284
384893033369858048 220712406
384894846299045888 84119348
384895935089610752 23382168
384897797230575616 15976697
384904280265998337 18566912
384927824819142656 21929250
384928636052058112 32497478
384942489561341952 71807953
384950294246723584 71807953
384969289960148992 24733117
384988144246210560 224071381
385004112741675008 38484359
385005696288190464 120877403
385010626549915648 19432346
385011877853814784 50769180
385014805204983808 42389136
385019374907555840 20091551
385026588024516608 31524003
385027525312651264 15949696
385040874108747777 18220818
385041338376663041 18294521
385043477933072384 22053641
385045307395825664 38122727
385045395195174912 27052129
385047021012672512 18646108
385049162682613760 20958510
385052603677020160 194615561
385054463154597889 181846527
385055053649682432 212302405
385056652019253248 169175539
385057259094409216 169175539
385064008492916736 57428429
385066026682941441 23120241
385067008188231680 24733117
385067298404311041 177584156
385072537652039680 315878798
385074090425323522 55155523
385074674666713088 19432346
385076478737518592 33811812
385081554617131009 16887628
385085299501445120 19916171
385088837459787777 75052666
385105179743252480 46002396
385105643503230976 14728168
385106857049587712 22053641
385114673797795840 15667802
385125189924581376 16492765
385128559926181888 73198063
385135240320008192 3497941
385135698594254848 25781141
385137254324109312 190298721
385141501677682688 33811812
385143111778709504 11866582
385148547462488064 26122639
385149623343398914 19850687
385150085270884354 15481585
385164230292692992 141405856
385174094238334976 18294521
385183307157106688 15368940
385186251633999872 20733972
385193325256769536 5484532
385203030079307776 45190383
385223157251969024 37048835
385228105163354112 16389986
385228384814374913 65293006
385290621235519488 172867574
385364783996076032 18822612
385395983393124352 26122639
385396345462214656 11866582
385404375121670144 11866582
385434703043387392 381152398
385445661388201984 100987374
385458852755685376 37048835
385460318559686656 22858466
385461282410749952 7702542
385465352278118400 19865528
385472098262872064 19916171
385477782647500800 31128529
385486683925258240 15335534
385494402484813824 45142252
385501958767136768 35784576
385534129032683520 18001786
385556931030429696 22873947
385558844476125184 10168082
385564993254481920 26775504
385574692163039232 22858466
385580617477271552 48566603
385611209837277184 225988631
385627722711441408 14027452
385630728353894401 16700601
385749075481460736 6577802
385783623292444673 20958510
385784793322893312 124898913
385804299617325056 236899846
385818309150531584 11134252
385819057468887041 22858466
385821219053768704 314243234
385826948036837376 19432346
385829510353932288 28885875
385840661502504960 33811812
385850720273985537 314243234
385870893789884417 24733117
385871818252251136 22873947
385892882910945280 169175539
385894144930893824 33811812
385897153245106176 33811812
385897822601506817 169175539
385903606194376704 48566603
385905620081074176 120877403
385906948102979584 380688474
385928506703507456 16209626
385932679100657664 28885875
385934328221696000 233842454
385937069169573888 133832049
385941347846213633 41668297
385953678416310272 16031927
385973230076313602 244693950
385996149347192832 23983382
386098989524713472 46455548
386100726910316545 41186732
386112873149116417 26122639
386124390854696962 16674443
386125360904929280 21954033
386133132111409152 137407124
386137379997630465 49021031
386144004858847232 71627462
386145162562248704 143798379
386147276949057536 141405856
386158502236131328 14377605
386161263362834432 103073080
386164397132877826 14868145
386169832754151424 13673392
386183343408439297 115979444
386183551877521408 169175539
386192352487804928 33811812
386197287950503936 63169388
386203742946607104 242426145
386204776972566528 78599720
386211118433054720 16721461
386214869684334592 41186732
386215416810319873 49021031
386217236588814336 49021031
386218914339762176 21954033
386222457629061121 168524035
386223081716338689 20958510
386241465220730880 19286059
386242863798816768 24733117
386254243130134529 218027755
386255728287047680 14930128
386262924064342016 233761277
386270501384896513 22299010
386298008544874496 16492765
386298946420625408 71563277
386310941882585089 10207502
386356147487113216 45641358
386516665967865856 14135426
386517427271372800 44135635
386543056721170432 16389986
386572635691577344 45190383
386580194049671168 118718294
386594474652344320 24374384
386609874840604672 118718294
386611865473667072 17387589
386622113735376897 17234573
386705613914656768 194615561
386714962905034753 33811812
386837137921830912 19432346
386851759320084480 21954033
386887735929102336 39755667
386907288813838336 28885875
386919624152866816 45641358
386924990605836288 14093404
386925048776257537 33811812
386955621431386112 45641358
386974373078253568 16389986
387004540907577344 194615561
387009577763360768 15976697
387068670674874369 16700601
387072653850599424 194615561
387179447671349248 14093404
387193709269229568 24278642
387226616046174209 49021031
387242208409436160 39308549
387246316230672385 176950935
387252046006468608 37764422
387263693353787392 124898913
387268209088294912 26122639
387285195617218560 15416505
387287620755021824 48038030
387308880126308352 16700601
387311060782292993 49224286
387315044738162688 16250929
387339088204165120 182503471
387393269979938816 38477209
387434839508402176 32497478
387456840961105921 90694084
387529169262759937 78599720
387546539293679616 16209626
387547447821488128 41186732
387548304436756480 73252274
387564857731469312 115945502
387572928222486528 49021031
387573157038534657 49021031
387579278583267328 169629177
387623765708136448 33811812
387627657665343488 45190267
387628166363103232 137794015
387628169110355968 146516713
387629968001208320 22858466
387643535698059265 393645945
387646265246244865 24278642
387672124359311360 240385577
387677539394519041 224071381
387678712038043649 22858466
387679290180919296 168524035
387689694072283136 18220818
387722407433474048 49626985
387734000733028352 45142252
387736688833093632 39308549
387961239709560832 221793778
388002864255467520 20144167
388002920446169088 314243234
388004276229779456 314243234
388008464024629248 237763317
388008709948862464 72798486
388013924055912448 21691269
388251758050291712 39160084
388290767242141696 15661604
388304352328171520 220712406
388307574132862976 11866582
388310971061518336 168502762
388320414033645568 1106501
388333032995704832 84119348
388392266051506176 14669951
388404489780076544 694563
388413093082329088 18791763
388468005266792449 15458694
388488228753256448 18220818
388500751695486977 19268706
388519213364547584 31966078
388523167641513984 27502479
388652973171425281 15458694
388659604357652480 50769180
388665320535511040 125139645
388671807156256768 21954033
388683280343924736 29843331
388698493981708288 177584156
388705054212902912 45142252
388730929071796224 273559002
388789318233243649 172867574
388800470531067904 14868145
388824893921312768 238862918
388832776801501184 37048835
388854756707282944 28682751
388864848743780352 169175539
388883598968766464 3819931
389040133778849792 38122727
389068477543092225 78599720
389071389065367552 165684245
389105855872131072 18294521
389131629173555200 21954033
389173223830454273 73453284
389206338699395072 18188773
389236011567292416 21717987
389240011112972288 16700601
389366672613584896 48038030
389442208417345536 36575786
389456753508642816 48038030
389463638945587201 32646461
389483292111953920 1106501
389491026270109697 16700601
389581411008532480 44135635
389613170387451904 22873947
389735092567830528 59461030
389901579169439745 52180914
389921088676712448 21717987
389921310660247553 172867574
389934275513946112 23120241
390104184692826112 29442313
390116146349096960 26657119
390126978826641409 55355654
390139439126556672 17131934
390143784463265792 49224286
390159268692783104 314243234
390166790489530368 13493302
390197114682097664 28885875
390208021357273088 39556282
390236222884290560 41186732
427622911742988288 198711651
427639605064908800 378622092
427649436752564224 1489519038
427656680088686592 1450732962
427689072924950529 312551160
427690029214097408 22539669
427731141807050753 1729064185
427738376859828224 109889988
427755678221217792 1729064185
427802143018729472 1352267876
427818953553891328 527696610
427833201898557440 98412981
427842810813751296 108356538
427846770484187136 302081895
427847273545207809 1868120917
427856194976227328 530979165
427876608737697792 120578214
427882098720903169 160951708
427882824373637120 344013465
427902776996163584 22451451
427919713596092416 1455807660
427924213832224769 1063906914
427931104998203392 1253264389
427931486814470145 583335363
427955427968839680 302959128
427963045004845056 247312274
427998356707610624 434508386
428016169983811584 1370622056
428026437703327744 262467905
428085950569148416 15993436
428120242988912640 1701970752
428165537471164416 1546885705
428176815916457984 57062111
428185409848619008 1410891919
428189776131272704 21756758
428193030923771904 38519834
428205530235305984 22539669
428208071643377664 244410936
428213889201733632 63287345
428218771535192064 595566879
428223586604560384 2314113068
428232075880058881 835950943
428237490726531072 2295564565
428253152148992000 427836838
428254511006617600 118412004
428258990766555136 2271995558
428263830800461825 43530206
428281157554163715 1261850101
428366058546659328 110920720
428389655705174016 48312074
428435457492279296 34446436
428495406872666112 1763585304
428498695064010752 743534347
428528835450007553 445850148
428534187516104704 69529131
428535617786359808 147330940
428543704236711936 530979165
428552638267801600 60447577
428559864910999552 279611340
428576415424851968 1904704664
428583642533617664 2171574524
428584221129461760 86170938
428595034020003840 2249809284
428601757409615872 1011489150
428602827254939648 381874477
428611144643661825 1926963732
428612679452733441 210588900
428615636684914688 19609404
428619390527868928 201097317
428626566721986560 2200413038
428639011461025792 1927099934
428643256033763328 381874477
428645701330161664 2296159917
428653641285632000 24798179
428662633718226945 23910533
428668996293234688 6744402
428669533335732224 598987048
428675397211811840 1053991009
428688537865564160 98601552
428691469369503744 2243123082
428714404129955840 515639158
428716324819197952 71701833
428727620469940224 428820480
428727892940308481 1724270677
428754837203726336 248997772
428829667899240449 442655243
428843559047798784 636919151
428876887289376768 1089077952
428895262338068481 58870243
428909011514044416 1926963732
428913310545608704 46762611
428930025006436352 1610378462
428935880091246592 708261655
428955853274636288 71899490
428956448719380480 53077214
428959686982123521 2315996515
428960022307934208 93723183
428960378811203584 1345974020
428967781804285952 393431436
428972869801230336 521851014
428980746376593408 14177687
428981577175953408 2153808620
428994314920673280 45583462
428994944234029056 19753923
428995409977942016 168199250
428996923995869185 1945443876
429001382553587712 61624837
429003370754371584 839067092
429007849990021120 378807965
429008655510278146 2249809284
429009280528703489 1962818880
429011998437699585 123188124
429012430367100929 2319467424
429017321063976960 66840063
429020919642591232 339213214
429024602216361986 269546693
429026418257719296 103182324
429027831834628096 178083432
429039429160681472 14307387
429039999489556481 46656102
429044063552024576 543859259
429072597414727682 613591816
429078490671886336 537893458
429100393306390531 295259073
429127928807301120 26373288
429152830398558208 39256010
429250159227047936 36611581
429262587092824064 21506035
429270031881736192 22961177
429279238370230274 18594939
429279708111327234 1708071720
429311484355551232 77617724
429316089583919104 47201670
429320392847929344 234862138
429320774600511488 805634646
429321131003105281 259379820
429321315590238209 136032724
429324306254811136 599701022
429340949102071810 22961177
429341859467370497 2315996515
429342132151660546 2315996515
429344023455625216 704807010
429345487506788352 2318010486
429357042663301120 234804160
429363187226398721 201097317
429365871555784704 1049018604
429367411033120768 429288194
429367759273607170 961775706
429368698663481344 1509098058
429369617262206976 140268220
429374642151641088 2169683408
429374738494787584 35308349
429378433781469184 23238948
429379557796237312 314719883
429382644690726913 159066070
429384804786642944 82147805
429385799054815232 260125625
429386637882044416 201007582
429387379934121984 1152688555
429387480815529984 15736486
429388034409512960 172426157
429388697008893952 140268220
429390974716882944 2180926009
429395064209424384 14278296
429395244619014144 2176516949
429402580058243072 501361914
429402739626762241 183441654
429404824086380545 56826381
429407143519719424 368634169
429407437242654720 58238471
429417641980477440 395579642
429426701618012161 15436879
429427783727464448 433442459
429429256163041280 33285879
429442564773531648 60841598
429452572118618113 85960925
429459350038388736 426792657
429466266730897409 16734381
429498655049924608 2153707088
429501314280603648 2270946674
429546113343823872 167310339
429614963242463234 2250861230
429634369922543616 543897880
429635745850994690 1887896696
429642200679325697 1602274602
429648467309256704 1708071720
429655819936755714 595566879
429658302935351296 332496986
429677554685845504 371349676
429688845618405376 1892230105
429710337160400897 429288194
429711780198096896 314368863
429713084601495553 1011489150
429713441285107712 25589971
429718138792321024 144748027
429720806361284608 1380252584
429722404386910208 1102571906
429729232642527232 1206396680
429736786420461568 1902812052
429738963247443969 1214549972
429741845124358144 1455807660
429746768881143808 27340885
429746949583929344 487072816
429750560867115010 463336026
429754063131922432 418194570
429755187033415682 182513927
429759003841683458 339213214
429770370489401344 354135861
429771557250953216 20738922
429774447319339010 441508996
429781518731325440 198711651
429785784628293632 1118022715
429801064162799616 310552467
429808706419961857 463258407
429813198532132865 197259730
429814393992671232 2270946674
429815144395591682 977127444
429823457753174016 2160163326
429834400784994304 461230264
429843204674813952 606080691
429849928064458752 2230832232
429851341632983040 1243617098
429857653800464384 599531574
429866805830496256 887209988
429869121220534272 1600877317
429887215187939329 967232582
429939577088770048 481694517
429971436825235456 351192154
429985139754409984 229730897
429986892877033472 382489575
429993637221765120 345542936
429996082505199616 290624910
430006241213939712 32528767
430009932230828035 1423163215
430018463432998912 2318969189
430019000378998785 2167725998
430024754922135552 25207087
430028202677772289 99983445
430032891909644288 944857454
430041418862964736 54293409
430041771255803904 80716866
430041939145396224 48141324
430047030980149248 1123212380
430048943565594624 429288194
430050487182688256 564285437
430052957288407040 633960121
430055578707447808 188578724
430055922862661632 1476407797
430059815021191168 79282507
430060418950647808 2243123082
430061107110092800 128690084
430071483621072897 1033606975
430077175220674560 1638489164
430078429338152960 19091579
430080044275212288 21174995
430082397238222848 611057462
430083374590349312 1290266640
430084871688433664 942730508
430085744338948096 1118022715
430086750900207618 1333127774
430089896519532545 16035622
430090433369083904 321256914
430091624526270464 1049690864
430092299893092353 1324753446
430095474960244736 35256437
430095839848304642 499341813
430096347405225984 103719850
430098377720610816 905119507
430105331805323264 293575362
430106988370878464 1275375818
430107055358087170 348728858
430109274476654592 30002429
430109559693529088 98750345
430111434404814850 103692674
430112587741544449 745834928
430112914981150720 2197266169
430112973705601024 321256914
430114450214248448 29045014
430116043835449345 426039987
430116500939100160 1902812052
430118661106323457 1849149744
430119177022480384 38746990
430119583824236544 18328219
430119705740066816 57654421
430119751579205632 2251186218
430119936120619009 611057462
430121185981263872 271568870
430123266351845376 190799135
430123346332622849 1135569372
430125099443052544 498870563
430125133119119360 126426000
430126089210322945 1014259910
430126798249398272 284320331
430128186647920640 1731796136
430128962618916864 109062362
430131923709485056 232455010
430132712066658304 17017342
430133236279156736 2171019452
430134729564635138 602083172
430136331927158784 124215610
430137204413718528 147772206
430137300727496704 48045452
430138596692336640 47108315
430142795085398016 1032546240
430144166958350337 1604168952
430145085356130304 305276400
430145630636212224 1212625639
430146712817369088 55794748
430147719168925696 372108388
430148000321511425 163966896
430150126829850625 1909822812
430150810606264322 817193677
430151141926531072 121569356
430151951276195840 1677184423
430153834434809856 858925814
430154547558772736 317482473
430154677884571649 369257861
430157106067804160 570354292
430157273995161600 20037517
430158070950273024 196059131
430159618548195328 164507209
430159815650725888 15732711
430159845132492800 944940338
430163112533037056 236978161
430163254908698624 532782913
430163422790311936 423691043
430163531817046017 2196848120
430165024938524672 87277171
430165994053443584 2213537958
430167432703913984 2167190317
430168359326326786 32218443
430168393145384960 66022068
430168510506225664 171409850
430168724381773825 44305216
430168858843176960 1258222214
430169978323472385 246621170
430171744477790208 204163114
430171857585573888 345938396
430171949650567169 49126532
430172604003926017 34440190
430172620915351552 56832090
430173048889544704 206269323
430173430462152704 1328190690
430173497378086912 17830504
430174227321212929 316911050
430174243951620096 853208804
430174638367195136 324223014
430174827295416320 71895211
430176785914155008 233351086
430177733692653569 475388355
430178765608472576 37825927
430179096744951808 79278729
430182599172964355 2150041322
430186764012376064 327558424
430186806043107328 221030555
430187447947776001 274836061
430189603820011521 285826630
430191470331449344 599531574
430191902009622528 276446952
430192598389518336 418888854
430192674050543616 581333549
430192720137568256 942954127
430194057843707904 1528548654
430195005937180672 630389637
430197338116997120 1911321968
430197778468188161 159883260
430200039013490688 479663812
430201314140618753 2200413038
430205525083439104 387443507
430212676594040832 459730228
430212919624990720 619497899
430215105234472960 1184784368
430215361066057728 195270926
430216757605707776 187419145
430219240784687104 20894714
430220821986934784 926745026
430223476897505280 728873450
430229982355279872 2290437973
614206446553600000 14410652
614206643241234433 22540858
614207672225779712 44209472
614232927417815040 82649553
614233918468956160 59159771
614235894434803712 55355654
614264949867708416 32497478
614410469072203778 10207502
614433421373276160 15446551
614434103480324101 172858784
614434302864916480 18822612
614434416610381824 14747825
614434485115953152 242892689
614434524949299208 41186732
614434606092148736 45142252
614434973827862528 54635428
614435148516429824 16032925
614435283862335489 18916061
614435983975690240 17454769
614436010060042240 27649741
614436235734593537 41186732
614436442543157248 13491312
614436453817450496 14717197
614437408734605312 21040094
614437837572739073 18810387
614439088347811841 3497941
614439105116553217 15446551
614439269105598464 14728168
614439475498758146 23628021
614439742566854657 236511574
614439968082034688 18646108
614440844070772736 71807953
614442492788736000 48038030
614442495569604608 980611
614442877012312064 19677343
614444077816246272 429227921
614444471372025856 158426909
614445272299667456 14717197
614446263111655424 41186732
614446659259363329 154671263
614446872548151297 15963827
614447290787459072 45190267
614447424820658176 45190267
614447697907466240 18810387
614447816845492224 8431652
614449701409148928 11866582
614450443117305856 278145569
614451563784876032 78671324
614451564036501504 95493980
614451785026170880 217286126
614452785950662656 194615561
614455354966020096 14266637
614455705307774976 176950935
614456051191017472 24733117
614459899091640320 45190383
614460055467864064 16456398
614460181787869184 21879831
614461501697605632 14056708
614462130813841408 53192639
614462562441277440 33811812
614464700336594944 19916171
614465190202093568 31193056
614465808434073600 18166778
614472363741159424 49021031
614472374914691072 48038030
614474120458338304 133327869
614474489401716736 18851248
614477775106392064 49626985
614484452115357696 48038030
614487645108899840 28885875
614488706142089216 14056708
614490619038208000 18220818
614491355587293184 48038030
614493700333264896 48038030
614495088123711488 21717987
614496548915773440 76027332
614498202796998656 48038030
614499340317519873 16032925
614500201114370048 48038030
614500314977185793 23480020
614500562277662721 22270213
614500944567496707 14717197
614503186515148800 23480020
614503842470715392 28885875
614503896850014208 14717197
614504689892093953 19417492
614504765699915776 48038030
614507175839461376 68219213
614508753124204544 198526130
614509383288918016 24733117
614510155531620352 153944899
614510788842119168 48038030
614511752907243524 16041234
614514778673823744 177584156
614520241637294080 177584156
614521412380831745 232268199
614521530790207488 154671263
614524287811059713 177584156
614524363832885248 393588826
614530347728896002 55355654
614532340140736512 16721461
614539634043785216 10168082
614540099074682880 393588826
614540286811852800 27052129
614541658844229632 41186732
614541999841017856 10207502
614542535902527488 21221064
614550676513763328 18378801
614551475969110016 154671263
614554379862036484 19417492
614554473747251200 48038030
614556500975968256 21691269
614560387833458688 47975734
614570651404251137 53019309
614571839117991936 17993620
614572353863823360 54299209
614580866640146432 21717987
614583819417600000 184998424
614590662479060993 19432346
614593943360028673 22513016
614596682894954496 49021031
614598119448256512 41186732
614606098880929792 27649741
614606744258519040 314243234
614606807307264004 37048835
614616978741858304 48038030
614618349360807937 14402269
614628435193917440 7702542
614629496012935168 45190383
614633649254891520 19786336
614636006348722177 48038030
614637434026917888 92666862
614638984132558848 16456398
614642771480047616 48038030
614654300183080960 168524035
614658945286832128 14068794
614677563605155840 45190383
614685776744288256 980611
614690361781260288 176950935
614690408950427648 55155523
614697247608053760 32497478
614723681021890560 45190383
614729117024559108 16700601
614740336649371648 16700601
614751050663243776 46002396
614782856871546880 59461030
614783711653965824 59461030
614787327123136512 111053300
614789465001754624 59461030
614790589226160128 51682281
614790842306461696 165684245
614790880524943360 69773058
614804240712622080 115945502
614809037008408576 14056708
614812918182326272 177584156
614818497185611780 14839147
614819172384555008 24305174
614820231526023168 74035510
614821933104893952 33811812
614840319658606592 36741409
614847961969790977 39755667
614848123492532224 20567184
614861228968513536 48038030
614861780024692736 17778413
614864736073576448 18378801
614868698222985216 14056708
614896728030875648 92666862
614921675063304193 245408102
614926229712449540 176950935
614926649528815617 16787084
614948969769271297 49626985
614955089963413504 217286126
614967720086532096 20958510
614970024470581248 177584156
614972609961283589 33811812
614994884433420288 314243234
614994999890079745 314243234
614996077440176128 92666862
615007227355729920 33811812
615013300347105280 177584156
615015560057896960 172867574
615025408468217856 314243234
615046134537437184 177584156
615126813585465344 40510796
615130856546373633 15774353
615135356128661505 59461030
615141221908877313 15774353
615148616110309377 15446531
615163441527959552 24305174
615168191787081729 131497030
615173557891395584 168524035
615174423360868352 168524035
615182404097937408 48038030
615184710197600257 15446531
615196254977552384 232268199
615234327886954496 39755667
615237594570342400 48038030
615241282890428420 131497030
615261037856624640 238862918
615278714570588164 18236427
615286082788159488 20958510
615311232891904000 14669951
615315281229971456 238862918
615329073837969409 43975485
615333174399217665 28885875
615334287701901312 65698096
615336717046841344 262756641
615339086824370177 177584156
615340920016244736 262756641
615341778498142208 20829672
615352733881761792 33563161
615358608000225280 39755667
615401446918488064 33811812
615412412947132416 16703058
615464589325664257 48086014
615465885667430401 16209626
615472869594640385 120877403
615498721690787840 60919240
615502563807490048 14275291
615510358069882881 96442308
615512135901315073 13493302
615516347598897153 59461030
615522126993432580 15458694
615522860598046720 24733117
615529369163927552 37048835
615530397791711232 15937190
615530655238225920 133327869
615530787765678080 15441965
615538410162417664 339822881
615545462108520448 28885875
615557235608014848 15749725
615559943417110530 48038030
615560424151478273 7713202
615560431894175744 16082787
615562966658723840 48038030
615566676701130752 49021031
615568659407368192 19417492
615568713845112833 20818801
615569145351024640 23450558
615571800966217728 9843332
615576083937775616 48038030
615580239628886016 122455671
615590473130872832 32497478
615590941341003776 21717987
615592435159334912 239871673
615593835935174656 114756202
615595397541531649 50064327
615601147034906624 980611
615608670311817216 6393032
615609865164079104 176950935
615612205522771968 234469322
615619061221879808 16700601
615620772233482241 75052666
615621038668300288 25975551
615625293471027200 41186732
615626976406171649 14792049
615630515186593792 18294521
615630842103070720 13493302
615632574203961346 18294521
615640862945472512 44135635
615643067719102465 27307053
615648282577014784 43232530
615648560021831680 41186732
615664046151499776 118718294
615677854647386112 93241358
615678619365453824 177584156
615688400960491520 177584156
615694229348687872 32497478
615703987631882240 45190383
615706123300003840 212302405
615721816175161344 24733117
615732286059778048 18220818
615762220199247872 16700601
615767425636630528 16703058
615783376155381760 22456513
615823515258781696 40510796
615824818877956096 292935209
615856637731954688 28885875
615874809302421509 59461030
615876495169355776 17387589
615876999966359552 24305174
615878988259586051 60767749
615880776622608385 18810387
615882766509453313 15985111
615893503051235328 48038030
615897050907934725 90408018
615906436384727040 14717197
615910163615055873 122455671
615922006928793600 153486399
615923770906161153 16456398
615924006915407872 15808765
615935003562758144 27078238
615960477089161216 124898913
615963178585845760 15985111
615968580006313984 55155523
615973634910351360 2704951
615980316956729344 18102933
616003354263621632 19408986
616011307284828160 82144210
616022213251231744 37048835
616022906372403200 71715641
