614206446553600000 14410652
614206643241234433 22540858
614207672225779712 44209472
614232927417815040 82649553
614233918468956160 59159771
614235894434803712 55355654
614264949867708416 32497478
614410469072203778 10207502
614433421373276160 15446551
614434103480324101 172858784
614434302864916480 18822612
614434416610381824 14747825
614434485115953152 242892689
614434524949299208 41186732
614434606092148736 45142252
614434973827862528 54635428
614435148516429824 16032925
614435283862335489 18916061
614435983975690240 17454769
614436010060042240 27649741
614436235734593537 41186732
614436442543157248 13491312
614436453817450496 14717197
614437408734605312 21040094
614437837572739073 18810387
614439088347811841 3497941
614439105116553217 15446551
614439269105598464 14728168
614439475498758146 23628021
614439742566854657 236511574
614439968082034688 18646108
614440844070772736 71807953
614442492788736000 48038030
614442495569604608 980611
614442877012312064 19677343
614444077816246272 429227921
614444471372025856 158426909
614445272299667456 14717197
614446263111655424 41186732
614446659259363329 154671263
614446872548151297 15963827
614447290787459072 45190267
614447424820658176 45190267
614447697907466240 18810387
614447816845492224 8431652
614449701409148928 11866582
614450443117305856 278145569
614451563784876032 78671324
614451564036501504 95493980
614451785026170880 217286126
614452785950662656 194615561
614455354966020096 14266637
614455705307774976 176950935
614456051191017472 24733117
614459899091640320 45190383
614460055467864064 16456398
614460181787869184 21879831
614461501697605632 14056708
614462130813841408 53192639
614462562441277440 33811812
614464700336594944 19916171
614465190202093568 31193056
614465808434073600 18166778
614472363741159424 49021031
614472374914691072 48038030
614474120458338304 133327869
614474489401716736 18851248
614477775106392064 49626985
614484452115357696 48038030
614487645108899840 28885875
614488706142089216 14056708
614490619038208000 18220818
614491355587293184 48038030
614493700333264896 48038030
614495088123711488 21717987
614496548915773440 76027332
614498202796998656 48038030
614499340317519873 16032925
614500201114370048 48038030
614500314977185793 23480020
614500562277662721 22270213
614500944567496707 14717197
614503186515148800 23480020
614503842470715392 28885875
614503896850014208 14717197
614504689892093953 19417492
614504765699915776 48038030
614507175839461376 68219213
614508753124204544 198526130
614509383288918016 24733117
614510155531620352 153944899
614510788842119168 48038030
614511752907243524 16041234
614514778673823744 177584156
614520241637294080 177584156
614521412380831745 232268199
614521530790207488 154671263
614524287811059713 177584156
614524363832885248 393588826
614530347728896002 55355654
614532340140736512 16721461
614539634043785216 10168082
614540099074682880 393588826
614540286811852800 27052129
614541658844229632 41186732
614541999841017856 10207502
614542535902527488 21221064
614550676513763328 18378801
614551475969110016 154671263
614554379862036484 19417492
614554473747251200 48038030
614556500975968256 21691269
614560387833458688 47975734
614570651404251137 53019309
614571839117991936 17993620
614572353863823360 54299209
614580866640146432 21717987
614583819417600000 184998424
614590662479060993 19432346
614593943360028673 22513016
614596682894954496 49021031
614598119448256512 41186732
614606098880929792 27649741
614606744258519040 314243234
614606807307264004 37048835
614616978741858304 48038030
614618349360807937 14402269
614628435193917440 7702542
614629496012935168 45190383
614633649254891520 19786336
614636006348722177 48038030
614637434026917888 92666862
614638984132558848 16456398
614642771480047616 48038030
614654300183080960 168524035
614658945286832128 14068794
614677563605155840 45190383
614685776744288256 980611
614690361781260288 176950935
614690408950427648 55155523
614697247608053760 32497478
614723681021890560 45190383
614729117024559108 16700601
614740336649371648 16700601
614751050663243776 46002396
614782856871546880 59461030
614783711653965824 59461030
614787327123136512 111053300
614789465001754624 59461030
614790589226160128 51682281
614790842306461696 165684245
614790880524943360 69773058
614804240712622080 115945502
614809037008408576 14056708
614812918182326272 177584156
614818497185611780 14839147
614819172384555008 24305174
614820231526023168 74035510
614821933104893952 33811812
614840319658606592 36741409
614847961969790977 39755667
614848123492532224 20567184
614861228968513536 48038030
614861780024692736 17778413
614864736073576448 18378801
614868698222985216 14056708
614896728030875648 92666862
614921675063304193 245408102
614926229712449540 176950935
614926649528815617 16787084
614948969769271297 49626985
614955089963413504 217286126
614967720086532096 20958510
614970024470581248 177584156
614972609961283589 33811812
614994884433420288 314243234
614994999890079745 314243234
614996077440176128 92666862
615007227355729920 33811812
615013300347105280 177584156
615015560057896960 172867574
615025408468217856 314243234
615046134537437184 177584156
615126813585465344 40510796
615130856546373633 15774353
615135356128661505 59461030
615141221908877313 15774353
615148616110309377 15446531
615163441527959552 24305174
615168191787081729 131497030
615173557891395584 168524035
615174423360868352 168524035
615182404097937408 48038030
615184710197600257 15446531
615196254977552384 232268199
615234327886954496 39755667
615237594570342400 48038030
615241282890428420 131497030
615261037856624640 238862918
615278714570588164 18236427
615286082788159488 20958510
615311232891904000 14669951
615315281229971456 238862918
615329073837969409 43975485
615333174399217665 28885875
615334287701901312 65698096
615336717046841344 262756641
615339086824370177 177584156
615340920016244736 262756641
615341778498142208 20829672
615352733881761792 33563161
615358608000225280 39755667
615401446918488064 33811812
615412412947132416 16703058
615464589325664257 48086014
615465885667430401 16209626
615472869594640385 120877403
615498721690787840 60919240
615502563807490048 14275291
615510358069882881 96442308
615512135901315073 13493302
615516347598897153 59461030
615522126993432580 15458694
615522860598046720 24733117
615529369163927552 37048835
615530397791711232 15937190
615530655238225920 133327869
615530787765678080 15441965
615538410162417664 339822881
615545462108520448 28885875
615557235608014848 15749725
615559943417110530 48038030
615560424151478273 7713202
615560431894175744 16082787
615562966658723840 48038030
615566676701130752 49021031
615568659407368192 19417492
615568713845112833 20818801
615569145351024640 23450558
615571800966217728 9843332
615576083937775616 48038030
615580239628886016 122455671
615590473130872832 32497478
615590941341003776 21717987
615592435159334912 239871673
615593835935174656 114756202
615595397541531649 50064327
615601147034906624 980611
615608670311817216 6393032
615609865164079104 176950935
615612205522771968 234469322
615619061221879808 16700601
615620772233482241 75052666
615621038668300288 25975551
615625293471027200 41186732
615626976406171649 14792049
615630515186593792 18294521
615630842103070720 13493302
615632574203961346 18294521
615640862945472512 44135635
615643067719102465 27307053
615648282577014784 43232530
615648560021831680 41186732
615664046151499776 118718294
615677854647386112 93241358
615678619365453824 177584156
615688400960491520 177584156
615694229348687872 32497478
615703987631882240 45190383
615706123300003840 212302405
615721816175161344 24733117
615732286059778048 18220818
615762220199247872 16700601
615767425636630528 16703058
615783376155381760 22456513
615823515258781696 40510796
615824818877956096 292935209
615856637731954688 28885875
615874809302421509 59461030
615876495169355776 17387589
615876999966359552 24305174
615878988259586051 60767749
615880776622608385 18810387
615882766509453313 15985111
615893503051235328 48038030
615897050907934725 90408018
615906436384727040 14717197
615910163615055873 122455671
615922006928793600 153486399
615923770906161153 16456398
615924006915407872 15808765
615935003562758144 27078238
615960477089161216 124898913
615963178585845760 15985111
615968580006313984 55155523
615973634910351360 2704951
615980316956729344 18102933
616003354263621632 19408986
616011307284828160 82144210
616022213251231744 37048835
616022906372403200 71715641
