14728168
16887628
41186732
14730894
3819931
32708979
33811812
45641358
33811812
76376525
18822612
17387589
288751432
35784576
78599720
19786336
16787084
110899711
35784576
146516713
18294521
14676022
16250929
28885875
21343653
22858466
22066415
111141045
18810387
111141045
15446551
14377605
124898913
29501253
28885875
55155523
41186732
48566603
49021031
218027755
36686069
16389986
24278642
15900384
49021031
71715641
15406238
218027755
218027755
23888634
124898913
314243234
18188773
14728168
7039122
26287372
21301933
177584156
248735463
18978469
18592146
19432346
194615561
32497478
21954033
21964694
25975551
8431652
24431892
18294521
21301933
14844867
18220818
18810387
172867574
15368940
15764644
124898913
19462341
41186732
73453284
72198806
220712406
16250929
14027452
28885875
45190383
18019121
41186732
228554424
21301933
14027452
228554424
175809915
49021031
17387589
4923811
73453284
220712406
84119348
23382168
15976697
18566912
21929250
32497478
71807953
24733117
38484359
120877403
19432346
50769180
42389136
20091551
31524003
15949696
18220818
18294521
22053641
38122727
27052129
18646108
194615561
181846527
212302405
169175539
169175539
57428429
23120241
24733117
177584156
315878798
55155523
19432346
33811812
16887628
19916171
75052666
46002396
22053641
15667802
16492765
73198063
3497941
25781141
190298721
33811812
11866582
26122639
19850687
141405856
18294521
15368940
20733972
5484532
45190383
37048835
16389986
65293006
172867574
18822612
11866582
11866582
381152398
100987374
22858466
7702542
19865528
19916171
31128529
15335534
45142252
35784576
18001786
22873947
10168082
26775504
22858466
48566603
225988631
14027452
16700601
6577802
20958510
124898913
236899846
11134252
22858466
314243234
19432346
28885875
33811812
314243234
24733117
22873947
33811812
33811812
169175539
48566603
120877403
380688474
