14728168
16887628
41186732
14730894
3819931
32708979
33811812
45641358
33811812
76376525
18822612
17387589
288751432
35784576
78599720
19786336
16787084
110899711
35784576
146516713
18294521
14676022
16250929
28885875
21343653
22858466
22066415
111141045
18810387
111141045
15446551
14377605
124898913
29501253
28885875
55155523
41186732
48566603
49021031
218027755
36686069
16389986
24278642
15900384
49021031
71715641
15406238
218027755
218027755
23888634
124898913
314243234
18188773
14728168
7039122
26287372
21301933
177584156
248735463
18978469
18592146
19432346
194615561
32497478
21954033
21964694
25975551
8431652
24431892
18294521
21301933
14844867
18220818
18810387
172867574
15368940
15764644
124898913
19462341
41186732
73453284
72198806
220712406
16250929
14027452
28885875
45190383
18019121
41186732
228554424
21301933
14027452
228554424
175809915
49021031
17387589
4923811
73453284
220712406
84119348
